14.90
12.30
12.88
13.32
14.15
13.09
12.71
13.42
12.60
13.76
13.03
13.11
13.65
13.75
13.48
14.59
13.33
13.09
13.64
13.76
13.62
12.92
13.06
14.05
14.09
13.16
14.52
12.84
14.01
13.58
13.45
13.51
13.19
13.86
13.21
14.03
14.46
13.07
13.27
12.60
13.47
12.97
12.73
11.94
11.88
12.16
12.69
12.74
13.85
12.88
11.70
13.38
13.56
13.55
13.01
13.51
14.20
13.31
13.95
13.38
14.41
14.18
13.93
14.13
14.00
13.35
13.46
13.25
12.96
13.78
14.21
13.73
13.48
13.40
13.61
13.69
13.54
13.80
13.77
13.61
13.82
14.13
13.32
13.69
13.38
13.25
13.06
12.41
13.23
13.52
12.88
13.28
12.59
12.80
13.29
13.48
13.14
12.43
12.98
12.83
