2.61
2.29
2.16
2.16
2.18
2.25
2.25
2.20
2.20
2.18
2.17
2.19
2.31
2.23
2.17
2.26
2.38
2.57
2.13
2.19
2.46
2.32
2.14
2.09
2.11
2.17
2.15
2.11
2.26
2.12
2.20
2.16
2.09
2.35
2.12
2.19
2.17
2.28
2.11
2.17
2.34
2.16
2.18
2.25
2.11
2.14
2.17
2.33
2.22
2.14
2.21
2.33
2.34
2.21
2.45
2.21
2.21
2.12
2.22
2.13
2.27
2.21
2.27
2.21
2.18
2.30
2.33
2.15
2.13
2.19
2.13
2.16
2.28
2.19
2.30
2.75
2.25
2.12
2.17
2.28
2.19
2.06
2.36
2.25
2.25
2.15
2.10
2.15
2.56
2.25
2.13
2.19
2.26
2.17
2.25
2.12
2.12
2.15
2.21
2.16
