3.65
3.44
3.64
3.45
3.70
3.57
4.09
3.60
3.50
3.46
3.61
3.51
3.53
3.90
3.35
3.41
3.70
3.15
3.45
3.90
3.57
3.44
3.84
3.41
3.60
3.84
3.44
3.42
3.91
3.65
3.46
3.73
3.36
4.28
3.70
3.52
3.64
3.45
3.39
3.35
3.62
3.54
3.69
3.60
3.84
3.47
3.54
3.49
3.41
3.71
3.45
3.48
3.66
3.52
3.97
4.35
3.36
3.40
3.49
3.93
3.33
3.46
3.69
3.37
3.86
3.31
3.49
3.50
3.58
3.42
3.76
3.61
3.54
3.83
3.51
3.47
4.01
3.40
3.65
3.35
3.45
3.50
3.81
3.48
3.58
3.76
3.86
3.56
3.77
3.53
3.36
3.45
3.43
3.54
3.53
3.28
3.46
3.57
4.01
3.31
