0.01
1.24
1.25
1.22
1.27
1.25
1.24
1.23
1.23
1.28
1.27
1.27
1.23
1.24
1.26
1.23
1.25
1.23
1.25
1.26
1.24
1.23
1.25
1.23
1.25
1.23
1.24
1.24
1.23
1.23
1.26
1.25
1.22
1.25
1.25
1.25
1.29
1.26
1.24
1.25
1.24
1.25
1.25
1.24
1.24
1.23
1.23
1.23
1.24
1.23
1.23
1.26
1.24
1.25
1.24
1.25
1.24
1.25
1.25
1.24
1.26
1.26
1.23
1.25
1.25
1.25
1.24
1.28
1.27
1.23
1.23
1.25
1.25
1.23
1.24
1.26
1.25
1.24
1.25
1.27
1.25
1.29
1.26
1.26
1.23
1.24
1.26
1.25
1.25
1.25
1.26
1.26
1.26
1.25
1.27
1.27
1.23
1.23
1.25
1.26
