2.25
2.20
2.24
2.19
2.20
2.17
2.13
2.17
2.27
2.31
2.22
2.19
2.22
2.24
2.28
2.15
2.29
2.27
2.29
2.28
2.33
2.15
2.29
2.30
2.34
2.16
2.34
2.31
2.25
2.18
2.34
2.23
2.31
2.30
2.27
2.23
2.32
2.17
2.25
2.33
2.15
2.30
2.37
2.19
2.26
2.34
2.41
2.32
2.26
2.23
2.25
2.30
2.18
2.38
2.20
2.32
2.20
2.30
2.34
2.17
2.20
2.28
2.30
2.19
2.30
2.23
2.26
2.32
2.23
2.16
2.19
2.19
2.14
2.29
2.20
2.35
2.24
2.20
2.20
2.31
2.31
2.27
2.28
2.29
2.32
2.30
2.26
2.18
2.28
2.18
2.22
2.18
2.18
2.30
2.39
2.33
2.28
2.33
2.28
2.18
