6.89
6.80
6.73
6.58
6.55
6.69
6.77
6.74
6.72
6.87
6.84
6.72
6.59
6.72
6.79
6.60
6.71
6.83
6.77
6.77
6.71
6.55
6.66
6.75
6.80
6.72
6.74
6.84
6.81
6.77
6.64
6.72
6.71
6.71
6.65
6.70
6.69
6.80
6.74
6.79
6.79
6.66
6.73
6.63
6.75
6.72
6.85
6.69
6.70
6.78
6.76
6.65
6.76
6.73
6.74
6.66
6.78
6.77
6.73
6.75
6.55
6.63
6.80
6.72
6.73
6.77
6.67
6.73
6.75
6.67
6.74
6.71
6.56
6.65
6.83
6.75
6.72
6.72
6.68
6.84
6.58
6.73
6.72
6.61
6.64
6.74
6.77
6.77
6.74
6.86
6.74
6.66
6.64
6.67
6.73
6.78
6.76
6.74
6.67
6.68
