17.12
15.68
9.87
11.01
11.10
10.71
9.52
11.17
10.44
10.18
12.41
11.03
10.71
11.31
10.93
8.94
11.62
11.50
10.35
9.90
10.33
11.15
11.02
11.13
10.51
11.00
10.29
10.74
10.28
11.04
10.18
11.53
11.36
11.49
10.83
10.32
10.50
10.28
11.29
11.12
10.23
10.79
9.49
11.30
12.40
11.10
10.20
10.44
11.18
12.43
12.97
11.65
11.64
11.34
11.06
10.47
11.98
10.82
9.68
10.97
10.47
12.34
11.11
11.17
10.09
11.23
11.13
10.22
10.81
11.14
10.42
10.54
10.30
11.98
10.53
11.12
11.98
10.65
10.74
11.08
9.87
11.06
11.81
11.31
10.18
10.98
10.75
10.94
10.80
11.11
11.77
10.29
10.52
10.38
12.20
10.93
10.92
11.46
10.41
10.56
