2.35
2.89
2.51
2.51
2.47
2.36
2.31
2.49
2.42
2.40
2.48
2.45
2.53
2.68
2.64
2.38
2.44
2.37
2.19
2.37
2.43
2.52
2.76
2.85
2.38
2.39
2.35
2.56
2.45
2.49
2.36
2.58
2.48
2.50
2.43
2.38
2.67
2.46
2.54
2.55
2.48
2.33
2.53
2.48
2.16
2.76
2.41
2.26
2.29
2.33
2.89
2.72
2.44
2.44
2.55
2.38
2.51
2.65
2.48
2.43
2.39
2.59
2.49
2.58
2.33
2.39
2.58
2.40
2.45
2.50
2.46
2.22
2.39
2.57
2.53
2.62
2.52
2.47
2.43
2.46
2.45
2.80
2.48
2.28
2.51
3.34
2.75
2.56
2.58
2.47
2.34
2.64
2.49
2.40
2.45
2.42
2.49
2.64
2.47
2.44
