1.52
1.50
1.48
1.46
1.64
1.43
1.53
1.70
1.60
1.44
1.47
1.44
1.46
1.49
1.60
1.52
1.56
1.42
1.42
1.48
1.56
1.44
1.48
1.53
1.45
1.51
1.48
1.51
1.85
1.45
1.46
1.53
1.46
1.41
6.42
1.58
1.43
1.43
1.51
1.42
1.39
1.43
1.43
1.44
1.41
1.41
1.39
1.49
1.38
1.40
1.42
1.45
1.43
1.47
1.79
1.49
1.59
1.48
1.55
1.54
1.47
1.64
1.63
1.59
1.64
1.42
1.38
1.49
1.46
1.71
1.48
1.67
1.68
1.79
1.40
1.41
1.41
1.49
1.40
1.52
1.47
1.40
1.43
1.73
1.50
1.50
1.53
1.38
1.39
1.46
1.57
1.40
1.41
1.52
1.48
1.48
1.38
1.51
2.47
1.47
